"","Year","C1","C2","C3","C4","C5"
"1",1972,0.185,0.04,0.105,0.215,0.455
"2",1973,0.1846875,0.04125,0.104583333333333,0.215104166666667,0.454375
"3",1974,0.184376535859548,0.0424841638513514,0.104182994378307,0.215204673176603,0.453751632734191
"4",1975,0.184067092160021,0.0437026703505083,0.103798688590026,0.215301661528143,0.453129887371301
"5",1976,0.183759153803299,0.0449056962925556,0.103430125623716,0.215395270900382,0.452509753380046
"6",1977,0.183452706005465,0.0460934164949433,0.103077019280544,0.215485637696068,0.45189122052298
"7",1978,0.183147734290613,0.0472660038209179,0.102739087454108,0.215572895583923,0.451274278850438
"8",1979,0.182844224484759,0.0484236292026538,0.102416052077607,0.215657175540396,0.450658918694584
"9",1980,0.182542162709852,0.0495664616640879,0.102107639071661,0.215738605890855,0.450045130663544
"10",1981,0.182241535377885,0.050694668343464,0.101813578292792,0.215817312350219,0.44943290563564
"11",1982,0.181942329185108,0.0518084145155879,0.101533603482538,0.215893418063057,0.448822234753709
"12",1983,0.181644531106338,0.0529078636137993,0.101267452217214,0.215967043643131,0.448213109419518
"13",1984,0.181348128389361,0.0539931772516631,0.101014865858293,0.216038307212418,0.447605521288266
"14",1985,0.181053108549431,0.055064515244385,0.100775589503408,0.216107324439601,0.446999462263175
"15",1986,0.180759459363867,0.0561220356299535,0.10054937193797,0.216174208578041,0.446394924490169
"16",1987,0.18046716886673,0.0571658946900142,0.100335965587386,0.216239070503237,0.445791900352634
"17",1988,0.180176225343603,0.0581962469704773,0.100135126469872,0.216302018749778,0.44519038246627
"18",1989,0.179886617326454,0.0592132453018646,0.0999466141498628,0.216363159547799,0.444590363674019
"19",1990,0.179598333588583,0.0602170408193976,0.0997701916919964,0.216422596858939,0.443991837041084
"20",1991,0.179311363139664,0.0612077829828315,0.0996056256156747,0.216480432411813,0.443394795850017
"21",1992,0.179025695220865,0.0621856195960366,0.0994526858501929,0.216536765737008,0.442799233595898
"22",1993,0.178741319300053,0.0631506968263334,0.0993111456904278,0.216591694201596,0.442205143981589
"23",1994,0.178458225067088,0.0641031592235821,0.0991807817530797,0.216645313043186,0.441612520913064
"24",1995,0.178176402429187,0.0650431497390309,0.0990613739334596,0.216697715403506,0.441021358494817
"25",1996,0.177895841506376,0.0659708097439267,0.0989527053628169,0.216748992361535,0.440431651025346
"26",1997,0.17761653262702,0.0668862790478903,0.0988545623661986,0.216799232966178,0.439843392992713
"27",1998,0.17733846632343,0.0677896959170606,0.0987667344208347,0.216848524268503,0.439256579070172
"28",1999,0.177061633327541,0.0686811970920095,0.0986890141150435,0.216896951353527,0.438671204111879
"29",2000,0.176786024566675,0.0695609178054321,0.0986211971076484,0.216944597371583,0.438087263148661
"30",2001,0.176511631159373,0.0704289917996136,0.0985630820879023,0.216991543569244,0.437504751383867
"31",2002,0.176238444411297,0.0712855513436773,0.0985144707359109,0.217037869319833,0.436923664189282
"32",2003,0.175966455811209,0.0721307272506157,0.0984751676835511,0.217083652153516,0.436343997101109
"33",2004,0.175695657027018,0.0729646488941084,0.0984449804758756,0.217128967786973,0.435765745816025
"34",2005,0.175426039901901,0.0737874442251282,0.0984237195329997,0.217173890152676,0.435188906187296
"35",2006,0.175157596450483,0.0745992397883408,0.0984111981124639,0.217218491427752,0.434613474220961
"36",2007,0.174890318855097,0.0754001607382977,0.0984072322720649,0.217262842062461,0.43403944607208
"37",2008,0.1746241994621,0.0761903308554278,0.0984116408331518,0.217307010808271,0.43346681804105
"38",2009,0.174359230778261,0.0769698725618288,0.0984242453443788,0.217351064745559,0.432895586569974
"39",2010,0.17409540546721,0.0777389069368616,0.0984448700459107,0.217395069310917,0.432325748239102
"40",2011,0.173832716345954,0.0784975537325505,0.0984733418340752,0.217439088324092,0.431757299763328
"41",2012,0.173571156381452,0.079245931388791,0.0985094902264553,0.217483184014552,0.431190237988751
"42",2013,0.173310718687251,0.079984157048369,0.0985531473274183,0.217527417047677,0.430624559889286
"43",2014,0.173051396520188,0.0807123465717931,0.0986041477940735,0.217571846550598,0.430060262563348
"44",2015,0.172793183277148,0.0814306145519422,0.0986623288026561,0.217616530137674,0.42949734323058
"45",2016,0.17253607249188,0.082139074328532,0.0987275300153289,0.217661523935613,0.428935799228647
"46",2017,0.172280057831869,0.0828378380024015,0.0987995935473993,0.217706882608249,0.428375628010082
"47",2018,0.172025133095273,0.0835270164496231,0.098878363934945,0.217752659380972,0.427816827139187
"48",2019,0.171771292207911,0.0842067193354375,0.0989636881028433,0.217798906064818,0.427259394288991
"49",2020,0.171518529220299,0.0848770551280169,0.0990554153331998,0.217845673080226,0.426703327238259
"50",2021,0.171266838304755,0.0855381311120577,0.0991533972341706,0.217893009480462,0.426148623868555
"51",2022,0.171016213752547,0.0861900534022058,0.0992574877091738,0.217940962974716,0.425595282161358
"52",2023,0.170766649971096,0.0868329269563161,0.0993675429264851,0.217989579950875,0.425043300195227
"53",2024,0.170518141481234,0.087466855588549,0.0994834212892127,0.218038905497985,0.42449267614302
"54",2025,0.170270682914504,0.0880919419823055,0.0996049834056473,0.218088983428386,0.423943408269158
"55",2026,0.170024269010524,0.0887082877030034,0.0997320920599817,0.218139856299546,0.423395494926945
"56",2027,0.16977889461439,0.0893159932106965,0.099864612183396,0.218191565435588,0.42284893455593
"57",2028,0.169534554674128,0.089915157872539,0.100002410825504,0.218244150948509,0.422303725679319
"58",2029,0.169291244238202,0.0905058799750976,0.100145357126157,0.218297651759107,0.421759866901438
"59",2030,0.169048958453055,0.091088256736512,0.100293322287594,0.218352105617607,0.421217356905232
"60",2031,0.168807692560716,0.0916623843185072,0.100446179546952,0.218407549124001,0.420676194449825
"61",2032,0.16856744189643,0.0922283578382589,0.100603804149104,0.218464017748099,0.420136378368108
"62",2033,0.168328201886354,0.0927862713801143,0.100766073319847,0.218521545849297,0.419597907564388
"63",2034,0.168089968045282,0.0933362180071692,0.100932866239423,0.218580166696062,0.419060781012065
"64",2035,0.167852735974419,0.0938782897727052,0.101104064016367,0.218639912485145,0.418524997751364
"65",2036,0.167616501359199,0.0944125777314865,0.101279549661687,0.218700814360522,0.417990556887106
"66",2037,0.167381259967148,0.0949391719509205,0.10145920806336,0.218762902432057,0.417457457586515
"67",2038,0.167147007645774,0.0954581615220817,0.101642925961156,0.218826205793913,0.416925699077075
"68",2039,0.16691374032052,0.095969634570603,0.101830591921764,0.218890752542689,0.416395280644425
"69",2040,0.166681453992736,0.0964736782674342,0.102022096314241,0.218956569795303,0.415866201630286
"70",2041,0.166450144737703,0.0969703788394704,0.102217331285763,0.219023683706621,0.415338461430442
"71",2042,0.166219808702695,0.0974598215800521,0.102416190737676,0.219092119486832,0.414812059492746
"72",2043,0.16599044210507,0.0979420908593382,0.102618570301852,0.219161901418568,0.414286995315171
"73",2044,0.165762041230413,0.098417270134554,0.102824367317336,0.219233052873794,0.413763268443903
"74",2045,0.165534602430701,0.0988854419601156,0.103033480807291,0.219305596330437,0.413240878471456
"75",2046,0.165308122122516,0.099346687997632,0.103245811456222,0.219379553388787,0.412719825034843
"76",2047,0.165082596785288,0.0998010890257875,0.103461261587497,0.219454944787661,0.412200107813766
"77",2048,0.164858022959574,0.100248724950105,0.103679735141139,0.219531790420328,0.411681726528855
"78",2049,0.164634397245371,0.100689674812591,0.1039011376519,0.219610109350209,0.411164680939929
"79",2050,0.164411716300467,0.10112401680127,0.104125376227611,0.219689919826348,0.410648970844304
"80",2051,0.164189976838821,0.101551828259594,0.104352359527802,0.219771239298658,0.410134596075125
"81",2052,0.163969175628974,0.101973185695753,0.104581997742587,0.219854084432948,0.409621556499738
"82",2053,0.163749309492503,0.102388164791864,0.104814202571818,0.219938471125727,0.409109852018088
"83",2054,0.163530375302494,0.102796840413052,0.105048887204497,0.220024414518797,0.408599482561161
"84",2055,0.163312369982054,0.10319928661643,0.105285966298446,0.220111929013631,0.40809044808944
"85",2056,0.163095290502851,0.103595576659959,0.105525355960237,0.220201028285541,0.407582748591412
"86",2057,0.162879133883687,0.103985783011219,0.105766973725363,0.220291725297638,0.407076384082093
"87",2058,0.162663897189097,0.104369977356056,0.106010738538672,0.22038403231459,0.406571354601585
"88",2059,0.16244957752798,0.104748230607148,0.10625657073503,0.220477960916174,0.406067660213668
"89",2060,0.162236172052259,0.105120612912449,0.106504392020243,0.220573522010632,0.405565301004417
"90",2061,0.162023677955566,0.10548719366355,0.106754125452206,0.220670725847827,0.40506427708085
"91",2062,0.16181209247196,0.10584804150393,0.107005695422295,0.220769582032211,0.404564588569604
"92",2063,0.161601412874666,0.10620322433711,0.107259027636991,0.220870099535592,0.404066235615641
"93",2064,0.161391636474851,0.106552809334722,0.107514049099732,0.22097228670972,0.403569218380976
"94",2065,0.161182760620411,0.106896862944466,0.107770688093003,0.221076151298682,0.403073537043439
"95",2066,0.1609747826948,0.107235450897987,0.108028874160635,0.221181700451116,0.402579191795463
"96",2067,0.160767700115877,0.107568638218654,0.108288538090341,0.221288940732237,0.402086182842891
"97",2068,0.160561510334776,0.107896489229244,0.108549611896465,0.221397878135694,0.401594510403821
"98",2069,0.160356210834803,0.108219067559546,0.108812028802948,0.221508518095237,0.401104174707465
"99",2070,0.160151799130362,0.108536436153862,0.109075723226512,0.221620865496221,0.400615175993044
"100",2071,0.159948272765898,0.108848657278434,0.109340630760047,0.221734924686927,0.400127514508694
"101",2072,0.159745629314865,0.109155792528773,0.109606688156221,0.221850699489725,0.399641190510416
"102",2073,0.159543866378721,0.109457902836913,0.109873833311282,0.221968193212057,0.399156204261027
"103",2074,0.159342981585941,0.109755048478566,0.110142005249077,0.22208740865726,0.398672556029155
"104",2075,0.159142972591053,0.110047289080211,0.11041114410526,0.222208348135229,0.398190246088246
"105",2076,0.158943837073703,0.110334683626086,0.110681191111709,0.222331013472907,0.397709274715596
"106",2077,0.158745572737726,0.110617290465104,0.110952088581134,0.222455406024631,0.397229642191405
"107",2078,0.158548177310258,0.110895167317694,0.111223779891882,0.222581526682306,0.396751348797859
"108",2079,0.158351648540851,0.111168371282551,0.111496209472935,0.222709375885437,0.396274394818226
"109",2080,0.15815598420062,0.111436958843321,0.111769322789089,0.222838953630997,0.395798780535975
"110",2081,0.157961182081402,0.111700985875195,0.112043066326333,0.222970259483149,0.395324506233922
"111",2082,0.157767239994944,0.11196050765144,0.112317387577403,0.223103292582822,0.394851572193391
"112",2083,0.157574155772103,0.112215578849845,0.112592235027523,0.223238051657134,0.394379978693396
"113",2084,0.157381927262063,0.112466253559097,0.112867558140324,0.22337453502867,0.393909726009847
"114",2085,0.157190552331581,0.112712585285082,0.113143307343943,0.223512740624625,0.393440814414769
"115",2086,0.157000028864243,0.112954626957116,0.113419434017298,0.223652665985793,0.392973244175551
"116",2087,0.156810354759737,0.113192430934098,0.113695890476535,0.223794308275431,0.3925070155542
"117",2088,0.15662152793315,0.113426049010604,0.11397262996165,0.223937664287969,0.392042128806627
"118",2089,0.156433546314281,0.113655532422898,0.114249606623275,0.224082730457599,0.391578584181947
"119",2090,0.156246407846964,0.113880931854883,0.114526775509639,0.224229502866725,0.39111638192179
"120",2091,0.156060110488418,0.11410229744398,0.114804092553685,0.224377977254274,0.390655522259644
"121",2092,0.155874652208604,0.114319678786942,0.115081514560364,0.224528149023886,0.390196005420203
"122",2093,0.155690030989609,0.114533124945602,0.115358999194075,0.224680013251974,0.38973783161874
"123",2094,0.155506244825034,0.11474268445255,0.115636504966273,0.224833564695651,0.389281001060493
"124",2095,0.155323291719403,0.114948405316755,0.115913991223239,0.224988797800536,0.388825513940067
"125",2096,0.155141169687593,0.115150335029115,0.116191418133993,0.225145706708438,0.388371370440861
"126",2097,0.154959876754268,0.115348520567945,0.116468746678372,0.225304285264916,0.3879185707345
"127",2098,0.154779410953337,0.11554300840441,0.116745938635253,0.225464527026715,0.387467114980286
"128",2099,0.154599770327418,0.115733844507885,0.117022956570932,0.225626425269092,0.387017003324673
"129",2100,0.154420952927328,0.115921074351265,0.117299763827644,0.225789972993018,0.386568235900746
"130",2101,0.154242956811572,0.116104742916208,0.117576324512234,0.225955162932265,0.386120812827721
"131",2102,0.154065780045861,0.116284894698323,0.117852603484974,0.226121987560384,0.38567473421046
"132",2103,0.153889420702629,0.116461573712295,0.118128566348519,0.226290439097562,0.385230000138996
"133",2104,0.153713876860577,0.11663482349696,0.118404179437002,0.226460509517379,0.384786610688083
"134",2105,0.153539146604218,0.116804687120313,0.118679409805278,0.226632190553446,0.384344565916747
"135",2106,0.153365228023442,0.116971207184469,0.118954225218295,0.226805473705939,0.383903865867856
"136",2107,0.153192119213091,0.117134425830563,0.119228594140607,0.226980350248028,0.383464510567713
"137",2108,0.153019818272546,0.117294384743595,0.119502485726019,0.227156811232199,0.383026500025642
"138",2109,0.152848323305327,0.117451125157223,0.119775869807368,0.227334847496471,0.382589834233611
"139",2110,0.152677632418707,0.117604687858505,0.120048716886428,0.227514449670515,0.382154513165847
"140",2111,0.152507743723326,0.11775511319258,0.12032099812395,0.227695608181667,0.381720536778477
"141",2112,0.152338655332838,0.117902441067304,0.120592685329834,0.227878313260846,0.381287905009179
"142",2113,0.152170365363543,0.118046710957834,0.120863750953413,0.228062554948372,0.38085661777684
"143",2114,0.152002871934053,0.118187961911154,0.121134168073879,0.228248323099686,0.380426674981229
"144",2115,0.151836173164954,0.118326232550562,0.12140391039082,0.228435607390978,0.379998076502687
"145",2116,0.151670267178485,0.118461561080097,0.121672952214882,0.228624397324716,0.379570822201821
"146",2117,0.151505152098223,0.118593985288922,0.121941268458554,0.228814682235089,0.379144911919213
"147",2118,0.151340826048782,0.11872354255566,0.122208834627071,0.229006451293348,0.378720345475139
"148",2119,0.151177287155523,0.118850269852676,0.12247562680943,0.229199693513069,0.378297122669302
"149",2120,0.151014533544265,0.118974203750319,0.122741621669527,0.229394397755318,0.377875243280571
"150",2121,0.150852563341019,0.119095380421112,0.123006796437406,0.22959055273373,0.377454707066734
"151",2122,0.150691374671716,0.119213835643896,0.123271128900623,0.229788147019504,0.377035513764261
"152",2123,0.150530965661956,0.119329604807937,0.123534597395718,0.229987169046312,0.376617663088078
"153",2124,0.150371334436765,0.119442722916971,0.123797180799803,0.230187607115118,0.376201154731345
"154",2125,0.150212479120348,0.119553224593223,0.124058858522253,0.230389449398922,0.375785988365254
"155",2126,0.150054397835871,0.119661144081371,0.12431961049651,0.230592683947418,0.37537216363883
"156",2127,0.149897088705233,0.119766515252468,0.124579417171989,0.23079729869157,0.374959680178741
"157",2128,0.149740549848855,0.119869371607825,0.124838259506091,0.231003281448111,0.374548537589119
"158",2129,0.149584779385479,0.119969746282846,0.125096118956322,0.23121061992396,0.374138735451393
"159",2130,0.149429775431968,0.120067672050827,0.125352977472512,0.231419301720568,0.373730273324126
"160",2131,0.149275536103117,0.120163181326712,0.125608817489133,0.231629314338176,0.373323150742864
"161",2132,0.149122059511475,0.120256306170803,0.125863621917722,0.231840645180012,0.372917367219989
"162",2133,0.148969343767169,0.120347078292438,0.1261173741394,0.232053281556402,0.372512922244592
"163",2134,0.148817386977739,0.120435529053623,0.12637005799749,0.232267210688812,0.372109815282337
"164",2135,0.148666187247976,0.120521689472627,0.126621657790232,0.232482419713818,0.371708045775348
"165",2136,0.148515742679771,0.120605590227539,0.126872158263586,0.232698895687007,0.371307613142098
"166",2137,0.14836605137197,0.120687261659784,0.127121544604142,0.232916625586802,0.370908516777304
"167",2138,0.148217111420233,0.120766733777603,0.127369802432112,0.233135596318219,0.370510756051834
"168",2139,0.148068920916903,0.120844036259493,0.127616917794422,0.233355794716564,0.370114330312618
"169",2140,0.14792147795088,0.120919198457618,0.127862877157883,0.23357720755105,0.369719238882569
"170",2141,0.1477747806075,0.12099224940117,0.128107667402469,0.233799821528355,0.369325481060507
"171",2142,0.14762882696842,0.121063217799705,0.128351275814664,0.234023623296115,0.368933056121097
"172",2143,0.147483615111512,0.12113213204644,0.128593690080913,0.234248599446348,0.368541963314788
"173",2144,0.147339143110761,0.12119902022151,0.128834898281152,0.23447473651882,0.368152201867758
"174",2145,0.147195409036166,0.121263910095201,0.129074888882418,0.234702021004342,0.367763770981874
"175",2146,0.147052410953653,0.121326829131134,0.129313650732557,0.234930439348009,0.367376669834648
"176",2147,0.146910146924985,0.121387804489429,0.129551173054002,0.23515997795238,0.366990897579206
"177",2148,0.146768615007684,0.121446863029826,0.12978744543764,0.235390623180591,0.36660645334426
"178",2149,0.146627813254958,0.121504031314776,0.130022457836759,0.235622361359416,0.366223336234092
"179",2150,0.146487739715628,0.121559335612499,0.130256200561076,0.235855178782266,0.365841545328532
"180",2151,0.146348392434065,0.12161280190001,0.13048866427084,0.23608906171213,0.365461079682957
"181",2152,0.146209769450127,0.12166445586611,0.130719839971022,0.23632399638446,0.365081938328282
"182",2153,0.146071868799107,0.121714322914353,0.130949719005572,0.236559969010002,0.364704120270966
"183",2154,0.145934688511683,0.121762428165969,0.131178293051758,0.23679696577757,0.364327624493021
"184",2155,0.145798226613866,0.121808796462769,0.131405554114584,0.237034972856762,0.36395244995202
"185",2156,0.145662481126964,0.12185345237001,0.131631494521273,0.237273976400631,0.363578595581122
"186",2157,0.145527450067542,0.121896420179237,0.131856106915832,0.237513962548297,0.363206060289093
"187",2158,0.145393131447389,0.121937723911086,0.132079384253684,0.237754917427506,0.362834842960335
"188",2159,0.145259523273489,0.12197738731807,0.13230131979638,0.237996827157144,0.362464942454918
"189",2160,0.145126623547993,0.122015433887322,0.132521907106369,0.238239677849694,0.362096357608624
"190",2161,0.144994430268203,0.12205188684332,0.132741140041851,0.238483455613644,0.361729087232983
"191",2162,0.14486294142655,0.122086769150578,0.132959012751692,0.238728146555855,0.361363130115326
"192",2163,0.144732155010582,0.122120103516309,0.13317551967041,0.238973736783865,0.360998485018835
"193",2164,0.144602069002951,0.122151912393065,0.133390655513225,0.239220212408159,0.360635150682601
"194",2165,0.144472681381411,0.122182217981339,0.133604415271183,0.239467559544385,0.360273125821684
"195",2166,0.14434399011881,0.122211042232155,0.133816794206336,0.239715764315524,0.359912409127176
"196",2167,0.144215993183094,0.122238406849613,0.134027787846998,0.239964812854021,0.359552999266275
"197",2168,0.144088688537307,0.122264333293426,0.134237391983054,0.24021469130386,0.359194894882354
"198",2169,0.143962074139598,0.122288842781415,0.134445602661345,0.240465385822605,0.358838094595038
"199",2170,0.143836147943232,0.122311956291988,0.134652416181101,0.240716882583393,0.358482597000288
"200",2171,0.143710907896601,0.122333694566588,0.134857829089451,0.240969167776881,0.35812840067048
"201",2172,0.143586351943241,0.122354078112119,0.135061838176984,0.241222227613157,0.3577755041545
"202",2173,0.143462478021846,0.122373127203346,0.135264440473375,0.241476048323607,0.357423905977828
"203",2174,0.143339284066296,0.122390861885264,0.135465633243065,0.241730616162738,0.357073604642638
"204",2175,0.143216768005674,0.122407301975458,0.135665413981012,0.241985917409962,0.356724598627895
"205",2176,0.143094927764297,0.122422467066418,0.135863780408487,0.242241938371346,0.356376886389455
"206",2177,0.14297376126174,0.122436376527848,0.136060730468933,0.242498665381311,0.35603046636017
"207",2178,0.142853266412872,0.122449049508942,0.136256262323884,0.242756084804305,0.355685336949999
"208",2179,0.142733441127888,0.122460504940637,0.136450374348936,0.243014183036429,0.355341496546112
"209",2180,0.142614283312343,0.122470761537846,0.136643065129775,0.243272946507029,0.354998943513008
"210",2181,0.142495790867193,0.122479837801668,0.136834333458256,0.24353236168025,0.354657676192634
"211",2182,0.142377961688834,0.122487752021569,0.137024178328545,0.243792415056557,0.354317692904496
"212",2183,0.142260793669144,0.12249452227755,0.137212598933305,0.244053093174214,0.353978991945788
"213",2184,0.142144284695529,0.122500166442286,0.13739959465994,0.244314382610732,0.353641571591513
"214",2185,0.142028432650969,0.122504702183247,0.137585165086889,0.244576269984284,0.353305430094612
"215",2186,0.141913235414066,0.122508146964793,0.137769309979973,0.24483874195508,0.352970565686089
"216",2187,0.141798690859093,0.122510518050253,0.137952029288793,0.245101785226715,0.352636976575148
"217",2188,0.14168479685605,0.122511832503978,0.138133323143176,0.245365386547475,0.352304660949324
"218",2189,0.141571551270714,0.122512107193377,0.13831319184967,0.245629532711621,0.351973616974619
"219",2190,0.141458951964697,0.12251135879093,0.138491635888096,0.245894210560636,0.351643842795643
"220",2191,0.141346996795503,0.122509603776179,0.138668655908135,0.246159406984433,0.35131533653575
"221",2192,0.141235683616584,0.122506858437705,0.138844252725977,0.246425108922549,0.350988096297186
"222",2193,0.141125010277404,0.122503138875074,0.139018427321005,0.246691303365289,0.350662120161229
"223",2194,0.141014974623498,0.122498461000777,0.139191180832533,0.246957977354855,0.350337406188338
"224",2195,0.140905574496538,0.122492840542141,0.139362514556589,0.247225117986435,0.350013952418299
"225",2196,0.140796807734393,0.122486293043219,0.139532429942739,0.247492712409272,0.349691756870377
"226",2197,0.1406886721712,0.122478833866671,0.139700928590965,0.247760747827696,0.349370817543469
"227",2198,0.140581165637428,0.122470478195616,0.139868012248577,0.248029211502129,0.349051132416252
"228",2199,0.140474285959947,0.12246124103547,0.140033682807173,0.248298090750068,0.348732699447343
"229",2200,0.140368030962095,0.122451137215764,0.140197942299649,0.248567372947037,0.348415516575456
"230",2201,0.140262398463756,0.122440181391947,0.140360792897236,0.248837045527506,0.348099581719555
"231",2202,0.140157386281421,0.122428388047167,0.140522236906599,0.249107095985796,0.347784892779019
"232",2203,0.140052992228271,0.12241577149403,0.140682276766959,0.249377511876945,0.347471447633797
"233",2204,0.139949214114242,0.122402345876357,0.140840915047268,0.249648280817558,0.347159244144576
"234",2205,0.139846049746107,0.122388125170904,0.140998154443422,0.249919390486626,0.346848280152943
"235",2206,0.139743496927544,0.122373123189078,0.141153997775513,0.250190828626322,0.346538553481545
"236",2207,0.13964155345922,0.122357353578629,0.141308447985117,0.250462583042774,0.346230061934261
"237",2208,0.139540217138863,0.122340829825331,0.141461508132632,0.250734641606811,0.345922803296365
"238",2209,0.139439485761341,0.12232356525464,0.14161318139464,0.251006992254684,0.345616775334696
"239",2210,0.139339357118741,0.12230557303334,0.141763471061324,0.251279622988772,0.345311975797825
"240",2211,0.139239829000448,0.122286866171168,0.141912380533902,0.251552521878255,0.345008402416228
"241",2212,0.139140899193227,0.12226745752243,0.142059913322123,0.25182567705977,0.344706052902453
"242",2213,0.1390425654813,0.122247359787591,0.142206073041774,0.252099076738042,0.344404924951295
"243",2214,0.138944825646431,0.122226585514861,0.142350863412246,0.252372709186498,0.344105016239967
"244",2215,0.138847677468004,0.122205147101751,0.142494288254119,0.252646562747853,0.343806324428275
"245",2216,0.138751118723108,0.122183056796631,0.142636351486793,0.252920625834681,0.343508847158789
"246",2217,0.13865514718662,0.122160326700252,0.142777057126148,0.25319488692996,0.343212582057021
"247",2218,0.138559760631287,0.122136968767274,0.142916409282243,0.253469334587599,0.342917526731599
"248",2219,0.138464956827807,0.122112994807762,0.143054412157043,0.253743957432946,0.342623678774444
"249",2220,0.13837073354492,0.122088416488675,0.143191070042187,0.254018744163275,0.342331035760945
"250",2221,0.138277088549486,0.122063245335341,0.143326387316784,0.254293683548253,0.342039595250138
"251",2222,0.138184019606572,0.122037492732913,0.143460368445243,0.254568764430391,0.341749354784883
"252",2223,0.138091524479536,0.122011169927815,0.143593017975138,0.25484397572547,0.341460311892043
"253",2224,0.137999600930117,0.121984288029171,0.143724340535099,0.255119306422955,0.34117246408266
"254",2225,0.137908246718512,0.121956858010219,0.143854340832743,0.255394745586389,0.340885808852138
"255",2226,0.137817459603469,0.121928890709716,0.143983023652629,0.255670282353768,0.340600343680419
"256",2227,0.137727237342369,0.121900396833323,0.144110393854247,0.255945905937897,0.340316066032164
"257",2228,0.137637577691316,0.12187138695498,0.144236456370037,0.256221605626735,0.340032973356934
"258",2229,0.137548478405217,0.121841871518264,0.144361216203437,0.256497370783716,0.339751063089368
"259",2230,0.137459937237874,0.121811860837744,0.144484678426963,0.256773190848056,0.339470332649365
"260",2231,0.137371951942068,0.121781365100305,0.144606848180317,0.257049055335049,0.339190779442264
"261",2232,0.137284520269645,0.121750394366474,0.144727730668522,0.257324953836336,0.338912400859025
"262",2233,0.137197639971603,0.12171895857173,0.144847331160089,0.257600876020168,0.338635194276411
"263",2234,0.137111308798181,0.121687067527794,0.144965654985211,0.257876811631651,0.338359157057166
"264",2235,0.13702552449894,0.121654730923912,0.145082707533981,0.258152750492971,0.338084286550198
"265",2236,0.136940284822853,0.12162195832813,0.145198494254644,0.258428682503612,0.337810580090762
"266",2237,0.136855587518393,0.121588759188544,0.145313020651875,0.258704597640553,0.337538035000637
"267",2238,0.136771430333616,0.12155514283455,0.145426292285074,0.258980485958454,0.337266648588308
"268",2239,0.136687811016248,0.121521118478074,0.145538314766703,0.259256337589825,0.336996418149152
"269",2240,0.136604727313771,0.121486695214794,0.145649093760638,0.259532142745188,0.336727340965611
"270",2241,0.136522176973511,0.12145188202535,0.145758634980549,0.259807891713214,0.336459414307378
"271",2242,0.136440157742723,0.121416687776536,0.145866944188308,0.260083574860858,0.336192635431576
"272",2243,0.136358667368674,0.121381121222492,0.145974027192423,0.260359182633473,0.33592700158294
"273",2244,0.136277703598731,0.121345191005872,0.146079889846487,0.260634705554917,0.335662509993995
"274",2245,0.136197264180447,0.121308905659009,0.146184538047667,0.260910134227642,0.335399157885237
"275",2246,0.136117346861642,0.121272273605065,0.146287977735205,0.261185459332776,0.335136942465313
"276",2247,0.136037949390495,0.121235303159171,0.146390214888947,0.261460671630188,0.334875860931201
"277",2248,0.135959069515619,0.121198002529556,0.146491255527895,0.261735761958541,0.33461591046839
"278",2249,0.135880704986155,0.121160379818662,0.146591105708785,0.262010721235343,0.334357088251056
"279",2250,0.135802853551848,0.121122443024255,0.146689771524684,0.262285540456971,0.334099391442244
"280",2251,0.135725512963135,0.121084200040517,0.146787259103609,0.262560210698695,0.333842817194045
"281",2252,0.135648680971228,0.121045658659132,0.146883574607177,0.262834723114691,0.333587362647772
"282",2253,0.135572355328197,0.121006826570363,0.146978724229264,0.263109068938035,0.333333024934143
"283",2254,0.13549653378705,0.120967711364113,0.147072714194695,0.263383239480693,0.33307980117345
"284",2255,0.135421214101819,0.12092832053098,0.147165550757955,0.263657226133501,0.332827688475746
"285",2256,0.135346394027641,0.120888661463304,0.147257240201915,0.263931020366131,0.332576683941012
"286",2257,0.135272071320836,0.120848741456193,0.147347788836587,0.26420461372705,0.332326784659336
"287",2258,0.135198243738996,0.120808567708554,0.147437202997894,0.264477997843465,0.332077987711093
"288",2259,0.135124909041057,0.120768147324103,0.147525489046462,0.264751164421268,0.331830290167112
"289",2260,0.135052064987385,0.12072748731237,0.147612653366434,0.265024105244959,0.331583689088855
"290",2261,0.134979709339855,0.120686594589689,0.147698702364299,0.265296812177569,0.331338181528591
"291",2262,0.134907839861927,0.120645475980189,0.147783642467749,0.26556927716057,0.331093764529567
"292",2263,0.134836454318731,0.120604138216765,0.147867480124544,0.265841492213779,0.330850435126183
"293",2264,0.134765550477142,0.12056258794204,0.147950221801409,0.26611344943525,0.330608190344161
"294",2265,0.134695126105857,0.12052083170933,0.148031873982937,0.266385141001157,0.330367027200721
"295",2266,0.134625178975476,0.120478875983582,0.148112443170521,0.266656559165678,0.330126942704746
"296",2267,0.134555706858576,0.120436727142316,0.148191935881298,0.266927696260853,0.329887933856959
"297",2268,0.13448670752979,0.120394391476552,0.148270358647115,0.267198544696458,0.329649997650087
"298",2269,0.134418178765882,0.120351875191733,0.148347718013511,0.267469096959844,0.329413131069032
"299",2270,0.134350118345823,0.120309184408629,0.148424020538715,0.267739345615795,0.329177331091041
"300",2271,0.134282524050866,0.120266325164244,0.148499272792664,0.268009283306359,0.328942594685869
"301",2272,0.134215393664621,0.12022330341271,0.14857348135604,0.26827890275068,0.328708918815951
"302",2273,0.134148724973127,0.120180125026167,0.148646652819319,0.268548196744823,0.328476300436566
"303",2274,0.134082515764931,0.120136795795641,0.148718793781839,0.26881715816159,0.328244736496002
"304",2275,0.134016763831152,0.120093321431913,0.148789910850886,0.269085779950331,0.328014223935719
"305",2276,0.133951466965564,0.120049707566377,0.148860010640795,0.269354055136747,0.327784759690519
"306",2277,0.133886622964658,0.12000595975189,0.148929099772065,0.269621976822686,0.327556340688703
"307",2278,0.13382222962772,0.119962083463616,0.148997184870496,0.269889538185935,0.327328963852236
"308",2279,0.1337582847569,0.119918084099858,0.149064272566334,0.270156732480003,0.327102626096907
"309",2280,0.13369478615728,0.119873966982889,0.149130369493435,0.270423553033904,0.326877324332495
"310",2281,0.133631731636945,0.119829737359766,0.149195482288447,0.270689993251921,0.326653055462922
"311",2282,0.133569119007055,0.119785400403142,0.149259617590005,0.270956046613383,0.326429816386418
"312",2283,0.133506946081906,0.119740961212069,0.149322782037934,0.271221706672418,0.326207603995675
"313",2284,0.133445210679007,0.119696424812794,0.149384982272481,0.271486967057712,0.325986415178009
"314",2285,0.133383910619138,0.119651796159543,0.149446224933547,0.271751821472262,0.325766246815512
"315",2286,0.133323043726423,0.119607080135306,0.149506516659943,0.272016263693116,0.325547095785214
"316",2287,0.133262607828395,0.119562281552603,0.149565864088654,0.272280287571119,0.325328958959231
"317",2288,0.133202600756057,0.119517405154254,0.149624273854124,0.272543887030641,0.325111833204926
"318",2289,0.133143020343954,0.119472455614132,0.149681752587543,0.272807056069316,0.324895715385058
"319",2290,0.133083864430229,0.119427437537916,0.149738306916162,0.27306978875776,0.324680602357935
"320",2291,0.133025130856692,0.119382355463835,0.149793943462609,0.273332079239298,0.324466490977568
"321",2292,0.132966817468882,0.1193372138634,0.149848668844226,0.273593921729676,0.324253378093819
"322",2293,0.132908922116127,0.119292017142132,0.149902489672412,0.273855310516778,0.324041260552553
"323",2294,0.132851442651607,0.11924676964029,0.149955412551989,0.274116239960331,0.323830135195785
"324",2295,0.132794376932416,0.119201475633579,0.150007444080567,0.274376704491609,0.323619998861831
"325",2296,0.132737722819621,0.119156139333859,0.150058590847936,0.274636698613135,0.323410848385451
"326",2297,0.13268147817832,0.119110764889848,0.150108859435458,0.274896216898378,0.323202680597998
"327",2298,0.132625640877704,0.119065356387816,0.150158256415478,0.275155253991441,0.322995492327563
"328",2299,0.132570208791114,0.119019917852269,0.150206788350744,0.275413804606756,0.32278928039912
"329",2300,0.132515179796098,0.118974453246634,0.150254461793842,0.275671863528763,0.322584041634666
"330",2301,0.132460551774471,0.118928966473928,0.150301283286639,0.275929425611596,0.322379772853368
"331",2302,0.132406322612366,0.118883461377432,0.150347259359737,0.276186485778764,0.322176470871703
"332",2303,0.132352490200296,0.118837941741349,0.150392396531944,0.276443039022818,0.321974132503596
"333",2304,0.132299052433203,0.118792411291456,0.150436701309751,0.27669908040503,0.321772754560563
"334",2305,0.132246007210518,0.118746873695757,0.150480180186816,0.276954605055063,0.321572333851848
"335",2306,0.13219335243621,0.118701332565125,0.150522839643474,0.277209608170631,0.321372867184563
"336",2307,0.132141086018844,0.118655791453933,0.150564686146238,0.277464085017167,0.321174351363819
"337",2308,0.132089205871629,0.118610253860692,0.150605726147326,0.277718030927484,0.320976783192871
"338",2309,0.132037709912471,0.118564723228667,0.150645966084189,0.277971441301431,0.320780159473244
"339",2310,0.131986596064028,0.118519202946499,0.150685412379058,0.278224311605548,0.32058447700487
"340",2311,0.131935862253752,0.118473696348816,0.150724071438488,0.278476637372722,0.320389732586225
"341",2312,0.13188550641395,0.118428206716837,0.150761949652927,0.278728414201834,0.320195923014453
"342",2313,0.131835526481824,0.118382737278978,0.150799053396284,0.278979637757411,0.320003045085505
"343",2314,0.131785920399523,0.118337291211438,0.150835389025509,0.279230303769269,0.319811095594263
"344",2315,0.131736686114193,0.118291871638792,0.150870962880188,0.279480408032159,0.319620071334671
"345",2316,0.131687821578018,0.118246481634574,0.150905781282138,0.279729946405407,0.319429969099865
"346",2317,0.131639324748275,0.118201124221854,0.150939850535021,0.279978914812556,0.319240785682297
"347",2318,0.131591193587373,0.118155802373806,0.150973176923959,0.280227309241003,0.319052517873861
"348",2319,0.131543426062902,0.118110519014281,0.151005766715162,0.280475125741635,0.318865162466022
"349",2320,0.131496020147676,0.118065277018359,0.151037626155568,0.280722360428466,0.318678716249934
"350",2321,0.131448973819776,0.11802007921291,0.151068761472481,0.280969009478266,0.31849317601657
"351",2322,0.131402285062598,0.117974928377143,0.15109917887323,0.281215069130196,0.318308538556836
"352",2323,0.13135595186489,0.117929827243148,0.151128884544832,0.281460535685434,0.3181248006617
"353",2324,0.131309972220796,0.117884778496436,0.151157884653655,0.281705405506809,0.317941959122306
"354",2325,0.131264344129901,0.117839784776475,0.151186185345107,0.281949675018422,0.317760010730098
"355",2326,0.131219065597266,0.117794848677214,0.151213792743314,0.282193340705276,0.317578952276933
"356",2327,0.13117413463347,0.117749972747613,0.151240712950818,0.282436399112899,0.317398780555202
"357",2328,0.131129549254654,0.117705159492154,0.151266952048282,0.282678846846968,0.317219492357945
"358",2329,0.131085307482552,0.11766041137136,0.151292516094196,0.28292068057293,0.317041084478965
"359",2330,0.131041407344537,0.1176157308023,0.151317411124598,0.283161897015626,0.316863553712942
"360",2331,0.13099784687365,0.117571120159097,0.1513416431528,0.283402492958906,0.31668689685555
"361",2332,0.130954624108647,0.117526581773418,0.151365218169117,0.283642465245258,0.316511110703563
"362",2333,0.130911737094027,0.117482117934978,0.151388142140613,0.283881810775415,0.31633619205497
"363",2334,0.130869183880071,0.11743773089202,0.151410421010844,0.284120526507982,0.316162137709086
"364",2335,0.130826962522879,0.117393422851806,0.151432060699613,0.284358609459049,0.315988944466657
"365",2336,0.130785071084398,0.117349195981089,0.151453067102735,0.284596056701809,0.315816609129971
"366",2337,0.130743507632465,0.117305052406596,0.151473446091802,0.284832865366172,0.315645128502967
"367",2338,0.130702270240832,0.117260994215491,0.15149320351396,0.285069032638384,0.315474499391336
"368",2339,0.130661356989202,0.117217023455844,0.151512345191689,0.285304555760638,0.31530471860263
"369",2340,0.130620765963262,0.117173142137091,0.151530876922595,0.28553943203069,0.315135782946365
"370",2341,0.130580495254714,0.117129352230489,0.151548804479201,0.285773658801474,0.314967689234125
"371",2342,0.130540542961302,0.117085655669572,0.151566133608751,0.286007233480715,0.314800434279663
"372",2343,0.130500907186847,0.117042054350593,0.151582870033017,0.286240153530543,0.314634014899002
"373",2344,0.130461586041275,0.116998550132972,0.151599019448113,0.286472416467105,0.314468427910537
"374",2345,0.130422577640645,0.116955144839729,0.151614587524315,0.286704019860182,0.314303670135133
"375",2346,0.130383880107176,0.116911840257924,0.151629579905885,0.286934961332794,0.314139738396223
"376",2347,0.130345491569281,0.116868638139086,0.151644002210906,0.287165238560823,0.313976629519907
"377",2348,0.130307410161585,0.116825540199635,0.151657860031118,0.28739484927262,0.313814340335045
"378",2349,0.13026963402496,0.116782548121309,0.15167115893176,0.287623791248617,0.313652867673358
"379",2350,0.130232161306545,0.116739663551576,0.151683904451422,0.287852062320945,0.313492208369514
"380",2351,0.130194990159776,0.116696888104054,0.151696102101898,0.288079660373043,0.313332359261232
"381",2352,0.130158118744407,0.116654223358914,0.151707757368047,0.288306583339271,0.313173317189364
"382",2353,0.130121545226537,0.116611670863289,0.151718875707654,0.288532829204529,0.313015078997993
"383",2354,0.130085267778632,0.116569232131676,0.151729462551308,0.288758396003864,0.312857641534524
"384",2355,0.130049284579548,0.116526908646328,0.151739523302272,0.288983281822088,0.312701001649768
"385",2356,0.130013593814556,0.116484701857654,0.151749063336368,0.28920748479339,0.312545156198036
"386",2357,0.129978193675361,0.116442613184606,0.151758088001858,0.289431003100955,0.312390102037224
"387",2358,0.129943082360125,0.116400644015062,0.151766602619342,0.289653834976573,0.312235836028901
"388",2359,0.129908258073489,0.116358795706213,0.151774612481647,0.28987597870026,0.312082355038394
"389",2360,0.129873719026591,0.116317069584935,0.151782122853732,0.290097432599871,0.311929655934873
"390",2361,0.129839463437085,0.116275466948169,0.151789138972594,0.290318195050718,0.311777735591437
"391",2362,0.129805489529166,0.116233989063289,0.151795666047172,0.290538264475186,0.311626590885191
"392",2363,0.12977179553358,0.116192637168467,0.15180170925827,0.29075763934235,0.311476218697336
"393",2364,0.129738379687651,0.116151412473039,0.151807273758471,0.290976318167597,0.311326615913244
"394",2365,0.129705240235292,0.116110316157865,0.151812364672062,0.291194299512242,0.311177779422542
"395",2366,0.129672375427026,0.116069349375683,0.15181698709496,0.291411581983147,0.311029706119188
"396",2367,0.129639783520001,0.116028513251461,0.151821146094647,0.291628164232342,0.310882392901551
"397",2368,0.129607462778006,0.11598780888275,0.151824846710107,0.29184404495665,0.31073583667249
"398",2369,0.129575411471487,0.115947237340023,0.151828093951762,0.292059222897303,0.310590034339429
